shiftb	a	b	k
1798.99	0.45	317.41	7752.6
1797.65	115.55	288.13	7770.1
1796.32	203.8	378.95	8238.7
1794.98	234.9	437.99	8103.9
1793.64	75.3	378.07	8157.8
1792.3	131.9	459.5	7862.4
1790.96	197.1	478.03	7815.5
1789.62	64.4	375.19	7499.8
1788.28	10.2	323.41	7701.3
1786.95	160.05	448.34	7704.7
1785.61	256.35	432.02	7781
1784.27	161.65	394.57	7766
1782.93	203.25	414.33	7439.4
1781.58	146	358.86	7249.3
1780.24	215.5	338.84	7441.3
1778.9	60.6	369.79	7314.5
1777.56	250.1	351.64	6783.2
1776.22	179.7	355.86	7400.1
1774.88	234.9	365.04	7128
1773.54	64	453.72	7258.5
1772.2	92.5	461.02	7062.9
1770.85	171.95	382.03	6619.9
1769.51	197.95	393.69	7053.9
1768.17	173.05	454.37	6664.8
1766.82	178	406.44	7082.1
1765.48	199.6	485.71	6494.1
1764.14	195.1	502.92	7233
1762.79	210.65	407.88	7004.4
1761.45	307.25	475.94	6457.6
1760.11	341.85	660.53	6863.3
1758.76	203.6	570.47	6778.1
1757.42	264.2	593.23	6763.4
1756.07	334.85	550.92	6700.6
1754.73	409.75	657.93	6200.8
1753.38	457.3	761.8	6535.8
1752.04	418.8	721.96	6519.3
1750.69	493.65	768.82	6356.3
1749.34	524.6	795.23	6572.3
1748	455.1	925.62	6279.1
1746.65	528.65	993.46	6918.3
1745.3	688.3	919.58	6122.4
1743.96	778.4	1111.13	6328.8
1742.61	727.55	1120.14	6240.2
1741.26	723.8	1195.93	6610
1739.92	787.9	1117.12	6055.6
1738.57	931.85	1241.73	6315.9
1737.22	1056.6	1399.67	6581.6
1735.87	938.45	1349.91	6222.5
1734.52	952.5	1496.04	6173
1733.17	1119.75	1563.04	6409
1731.82	1087.5	1557.75	6505.9
1730.47	1214.55	1590.13	6008.1
1729.13	1342.75	1645.96	6392
1727.78	1222.8	1827.1	6385.2
1726.43	1336.85	1965.58	6095.1
1725.08	1536.6	1944.79	6525.3
1723.72	1554.3	2007.31	6087.4
1722.37	1584.35	2130.88	6369.4
1721.02	1853.6	2272.29	6568.1
1719.67	1771.95	2315.6	6259.7
1718.32	1936.9	2564.2	6567.4
1716.97	2134.55	2709.2	6494.1
1715.62	2137.3	2869.5	6450.4
1714.26	2352.7	3096.9	6791.4
1712.91	2645.65	3363.1	7126.6
1711.56	2750.6	3586.7	7164.1
1710.21	2967.05	4126.8	7083.4
1708.85	3568.95	4522	7487
1707.5	3836.8	4998.3	7507.8
1706.15	4341.05	5560	8295.1
1704.79	4931.95	6320.4	8347.4
1703.44	5422.8	7049.1	8870.3
1702.08	6023.8	7868	9192
1700.73	6612.75	8882.2	9784.7
1699.37	7578.65	9901	10585.9
1698.02	8367.7	10976	11499.2
1696.66	9031	12082	12192.8
1695.31	10060.45	13287.2	12386.3
1693.95	10802.55	14520.3	13435.4
1692.6	11759.5	15594.3	14111.6
1691.24	12393.5	16714.7	14537.1
1689.88	13248.4	17850.1	15237
1688.53	13947.65	18828.4	16227.6
1687.17	14854.25	20005.9	16326.4
1685.81	15445.55	20930.1	17318.6
1684.46	15940.2	21970	18142.6
1683.1	16813.4	22735.8	18631.4
1681.74	17352.5	23846.1	19652.1
1680.38	17974.2	24470.8	20011.6
1679.02	18564.4	25346.7	20455.7
1677.67	18894.95	26129.8	20886.5
1676.31	19332.75	26663.5	21604.4
1674.95	19796.05	27181.2	21939.4
1673.59	20235.35	27652	21948.8
1672.23	20588.75	28075.5	22668
1670.87	21106.15	28342	22688.4
1669.51	21206.75	28479.7	23133.3
1668.15	21273.05	28493.6	22741.9
1666.79	21698.85	28535.6	22923.9
1665.43	21906.45	28338.8	22545.5
1664.07	21700.15	28265.2	22220.5
1662.7	21993.5	27987.7	21899.5
1661.34	21965.9	27691.4	21387.5
1659.98	21830.6	27219.5	21220.8
1658.62	21704.6	26752.6	20510.9
1657.26	21554.7	26105.5	20039.7
1655.89	21079.55	25625.6	19796.5
1654.53	20652.85	24897.5	19232.1
1653.17	20346.15	24301.8	17965.4
1651.81	19653.15	23267.9	17663.8
1650.44	18967.2	22469.8	17038
1649.08	18215.5	21576	17147.4
1647.71	17572.15	20825.4	16281.8
1646.35	16824.65	19927.3	16046.7
1644.99	15969.75	19255.5	15337.1
1643.62	15398.1	18536.3	14448.5
1642.26	14837.5	17770.3	14704.8
1640.89	13948.75	17225.6	14060.1
1639.53	13616.85	16432.7	13743.3
1638.16	13070.4	15961	12965.4
1636.8	12546.6	15429.1	12747.8
1635.43	12167.05	14962.1	12259.5
1634.06	11598.5	14897.8	12587.5
1632.7	11246	14061.4	12443.2
1631.33	10982.75	13668.6	11549.3
1629.96	10630.6	13231.5	11824.2
1628.6	10652.7	12988.3	11385.8
1627.23	10591.35	12616.6	11870.9
1625.86	10526.4	12571	11463.9
1624.49	10783.05	12392	12073.1
1623.12	11008.6	12562.7	12218.1
1621.76	11804	12766.3	12428.5
1620.39	12282.65	12703.6	13230.9
1619.02	13249.8	12911.9	13826.7
1617.65	13630.05	13163.3	14263.4
1616.28	14109.2	13018.5	14287.3
1614.91	14065.65	12957.7	14601.5
1613.54	13616.9	12836.1	13776.8
1612.17	13172.05	12494.3	13251.6
1610.8	12555.2	12236	12619
1609.43	12338.05	12579.1	12543
1608.06	12106.4	13088	11874.3
1606.69	12271.65	13399.2	12294.4
1605.32	11953.2	13445.4	11853.8
1603.94	11658	13031.6	11134.8
1602.57	10769.35	11765.7	10822.2
1601.2	9961.1	10641.7	10316.6
1599.83	9198.75	9441	9754.7
1598.46	8577.6	8560.1	9384.2
1597.08	7977.3	7696.5	8853.8
1595.71	7564.65	7052.9	8796.9
1594.34	7120	6791.2	8847.3
1592.96	6701.7	6248.1	7973.4
1591.59	6481.85	6022.5	7933
1590.21	6209.95	6068.6	7299.7
1588.84	6002.4	6236	7466.8
1587.47	6187.75	6552.5	7075.5
1586.09	6272.55	6806.4	7295.6
1584.72	6236	6774.2	6953.6
1583.34	5971	6352.9	6833.7
1581.97	5666.75	5922.8	6571.9
1580.59	5311.15	5450.9	6521.1
1579.21	5028.35	5067.1	5832.7
1577.84	4775.3	4774.8	5778.3
1576.46	4615.6	4649.8	5680.6
1575.08	4431.1	4439.4	5739
1573.71	4230.95	4226.7	5554
1572.33	3997.65	4147.7	5214.9
1570.95	3883.55	4177.7	5130.1
1569.58	3766.4	4055.9	5025.1
1568.2	3722.6	4078.7	5003.8
1566.82	3740.5	4004.7	5091.4
1565.44	3738.4	4212.4	4803.5
1564.06	3860.2	4162	4940.1
1562.68	4048.5	4372.7	4772
1561.3	4201	4405.6	5291.1
1559.93	4477.95	4538.3	5162.7
1558.55	4808.55	4742.1	5083.5
1557.17	5303.35	4992.4	5533.4
1555.79	5572.05	5211.8	5309.3
1554.41	5982.05	5342.4	5576
1553.02	6061.1	5315.3	5680
1551.64	5933.7	5323.9	5490.3
1550.26	5942.1	5226.9	5586.8
1548.88	5753.8	5067.8	5531.2
1547.5	5647.7	4940.1	5168
1546.12	5324.4	4606.9	4781.5
1544.74	4913.9	4495.6	4755
1543.35	4722.95	4210.7	4267.6
1541.97	4253.55	4034.4	4225
1540.59	4104.95	3873.9	4135.4
1539.21	3761.25	3741.7	4085.6
1537.82	3533.9	3684.3	4178.8
1536.44	3492.8	3640.8	3773.1
1535.05	3330.65	3547.9	3839.2
1533.67	3272.65	3503.8	3318.1
1532.29	3182.75	3431.4	3320.9
1530.9	3145.4	3318.1	3190.3
1529.52	3118.8	3391.4	3065
1528.13	3121.15	3410.6	3250.4
1526.75	2991.65	3450.7	3464.4
1525.36	2877.9	3466.2	3433.2
1523.98	2977.1	3438.4	2822.6
1522.59	3046.75	3413.1	3105.4
1521.2	3012.5	3434.6	3023.7
1519.82	3022.6	3465.1	3205.2
1518.43	3182.95	3472.8	2892.8
1517.04	3115.6	3526.7	3083.4
1515.66	3087.9	3519.3	2825.1
1514.27	3186.35	3449.5	3197.7
1512.88	3191.7	3466.8	3184.6
1511.49	3019.25	3495.5	2921.2
1510.11	3130.25	3458.7	2794.5
1508.72	3058.8	3603.2	3012
1507.33	3019.75	3605.5	2891
1505.94	3065.3	3693.5	2986.1
1504.55	3113.85	3902.7	3226.8
1503.16	3176.2	3923.4	3064.5
1501.77	3321.25	4033.6	3224.2
1500.38	3181.5	4211.4	3090.8
1498.99	3422.45	4352	3282.8
1497.6	3599.8	4529.7	3028.9
1496.21	3678.15	4718.1	3129.3
1494.82	3923.1	4938.8	3323.1
1493.43	3892.35	5175.1	3166.3
1492.04	4061.7	5488.4	3661.9
1490.65	4164.45	5705.9	3665.1
1489.25	4427.15	6117.3	3893
1487.86	4429.9	6552.5	4201.5
1486.47	4721.15	7100.6	4260.3
1485.08	5067.9	7610.8	4518.3
1483.68	5458.2	8329.1	5025.9
1482.29	5835.85	9133.9	5339.4
1480.9	6444.8	9845	5846.5
1479.5	6892.1	11017	6307
1478.11	7659.15	11998.4	7186.9
1476.72	8269.8	13130.7	7749
1475.32	9164.2	14475.9	8623.2
1473.93	10129.45	15827.3	9570.3
1472.53	11079.35	17441	9988.6
1471.14	12195	19034.5	11576.7
1469.74	12893.9	20782.7	12243.5
1468.35	14265.05	22293.8	13038.9
1466.95	15451.15	23828.8	14342.8
1465.55	16446.45	25356.1	15107.3
1464.16	17507	26551.1	15869.6
1462.76	18247.4	27212.1	16309.5
1461.36	19025.1	27796	16826.3
1459.97	19562.75	28248.4	17602.2
1458.57	20082.95	28842.7	17757.1
1457.17	20419.85	29463.5	18463
1455.77	20986.15	30272.5	18440.7
1454.38	21664.9	31307.1	19287.3
1452.98	22733.3	32445.7	19581.3
1451.58	23402.6	33497.4	20214.9
1450.18	24239.6	34382.6	20447.9
1448.78	24790.5	34589	21188.3
1447.38	25036.3	34366.5	20618.9
1445.98	24682.3	33203.3	20312.3
1444.58	24092.8	31888.2	19516.4
1443.18	23428.4	30061	18885.1
1441.78	22506.6	28254.1	17829.1
1440.38	21388.2	26513.3	16755.7
1438.98	20165.5	24749.3	15500.6
1437.58	19228.1	22921.1	14403
1436.18	17767.1	21397.4	13089.9
1434.78	16651.6	19841	12144.7
1433.38	15558.4	18483.1	11572.7
1431.97	14717.65	17041.9	10664
1430.57	13870.65	16021.3	10272.5
1429.17	13207.45	15318.4	9638.7
1427.77	12879.65	14738.1	9390
1426.36	12360.7	14156.2	8801.4
1424.96	12225	13885.7	8807.8
1423.56	11926	13440.2	8677
1422.15	12036.75	13098.7	8459.3
1420.75	11762.25	12832.6	8497.8
1419.34	11468.3	12460.5	8164.4
1417.94	11156	12017.9	8247.5
1416.54	10707.4	11568.3	7770
1415.13	10415.05	11196	8001
1413.73	10323.15	10935.3	7566.4
1412.32	9964.5	10598.3	7363.4
1410.91	9582.25	10477.7	7288.5
1409.51	9636.95	10194.1	7204.6
1408.1	9513.3	10029.2	7336
1406.7	9383.7	9976.9	7586.3
1405.29	9431.95	9956.6	7648.3
1403.88	9416.7	9852.8	7555.7
1402.47	9357.75	10006.6	7264.2
1401.07	9504.85	9892.8	7716.8
1399.66	9372.4	9934.7	7460.9
1398.25	9384.55	10035.8	7592.1
1396.84	9245.1	9962.2	7442.9
1395.43	9256.05	9949.7	7737.4
1394.03	9209.55	10002.1	7477.9
1392.62	8951.4	9850	7414
1391.21	8854.75	9942.7	7390.8
1389.8	8937.8	9876.3	7502.5
1388.39	8719.45	9697.7	7271.9
1386.98	8625.3	9611.9	7513
1385.57	8563.65	9396.1	6903.1
1384.16	8321.8	9204.6	6796.8
1382.75	8177.55	9002.6	6819.9
1381.33	8048.15	8871.5	6554.4
1379.92	7747.5	8751.1	6168.4
1378.51	7792.35	8677.3	6317.4
1377.1	7661.3	8729.9	6778
1375.69	7715.55	8867.5	6454.1
1374.28	7710.2	8961.9	6385.3
1372.86	7919.1	9064	6297.2
1371.45	8102.45	9326.5	6127.6
1370.04	8394.9	9655.5	6743.5
1368.62	8880.7	10081.7	6423.7
1367.21	9066.75	10302	6685.7
1365.8	9602.3	10585.9	7232.3
1364.38	10110.6	11057	7534.9
1362.97	10718.25	11606.4	7893.8
1361.55	11219.65	12056.6	8067.2
1360.14	11635.4	12490.2	8316.4
1358.72	12111.2	12892.4	8676.9
1357.31	12532.55	13491.1	8977.1
1355.89	12738.95	13869.4	8883.5
1354.48	12992.9	14338.2	9471.4
1353.06	13358.7	15212.3	9662
1351.64	13880.2	15576	9808.5
1350.23	14280.85	16390.1	10433
1348.81	14810.25	17031.7	10794.5
1347.39	15593.55	18002.3	11325.3
1345.98	16090.7	18659.8	11577
1344.56	16644.2	19321.7	12451.4
1343.14	17355.6	19752.5	12450.9
1341.72	17785.9	20062	13097.4
1340.3	18294.1	20135.2	13123.2
1338.89	18453.25	20018.1	12946.2
1337.47	18616.95	19849.3	13148.3
1336.05	18669.75	19404.6	13149.5
1334.63	18524.55	19381.6	13157.7
1333.21	18654.85	19223	12560.2
1331.79	18570.15	19039.8	12705.8
1330.37	18333.55	18967	12805.7
1328.95	18160.45	18991	12317.7
1327.53	18043.15	19054.3	12516.2
1326.11	17728.75	19119.9	12934.5
1324.69	17924.65	19346.2	12812.6
1323.26	17704.3	19387.7	12859.9
1321.84	17649.2	19646.1	12581.6
1320.42	17746.6	19827	12920.5
1319	17871.4	20027.8	12918.3
1317.58	17716.8	19939.7	12779.1
1316.15	17775.45	20018.6	12740.2
1314.73	17778.45	19826.8	13049
1313.31	17621.55	19708.9	12670.9
1311.88	17447.3	19337	12704.2
1310.46	17031.8	18972.2	12296.4
1309.04	16914.9	18626.9	11581.6
1307.61	16677.65	18353.6	11643.1
1306.19	16509.45	17847.6	11409.5
1304.76	16324.3	17644.8	11527.2
1303.34	16135.7	17290	10953.4
1301.91	15887.65	17060.5	10946.6
1300.49	15791.05	16919.3	10843.1
1299.06	15640.7	16623.2	10561.1
1297.64	15498.5	16550.6	10696.2
1296.21	15534.15	16550.3	10745.5
1294.78	15271.2	16509.8	10428.6
1293.36	15398.4	16593.1	10667.1
1291.93	15397.25	16755.8	10816.3
1290.5	15343.5	16725.8	10913
1289.07	15493.45	17110.3	10951.8
1287.65	15778.15	17249.4	10871.3
1286.22	15801.4	17428.8	11491.4
1284.79	15932.55	17860.8	11615.9
1283.36	16031.6	18007.9	11610.8
1281.93	16208.15	18051.2	11822.8
1280.5	16520.6	18370.8	12132.6
1279.07	16522.05	18627.9	12057.5
1277.65	16708.95	18754.4	12429.9
1276.22	17099.2	18964.8	12620.6
1274.79	17081.35	19286.4	12821.7
1273.36	17557.6	19398.1	13035
1271.92	17727.3	19710.7	13337.5
1270.49	17956.35	19872.4	13253.6
1269.06	18082.2	19928.7	13241.4
1267.63	18066.55	20088.5	13608.2
1266.2	18176.1	20059.1	13557.5
1264.77	18371.15	19980.8	13492.9
1263.34	18260	20115.6	13679.6
1261.9	18393.4	20157.2	13487.8
1260.47	18297.45	20064.4	13901.4
1259.04	18389.9	20210	14140.3
1257.6	18297.6	20472	14011.3
1256.17	18163.95	20521	14115.9
1254.74	18236.1	20886.3	14516.9
1253.3	18263.5	21125.8	14457.7
1251.87	18272.85	21286.9	14384.3
1250.43	18256.65	21528	14713.8
1249	18044.2	21475.8	14891.4
1247.57	18271.95	21544.9	14945.2
1246.13	18263.35	21438.7	14537.7
1244.69	17898.85	21350.5	14811.2
1243.26	17993.6	21044.6	14642.1
1241.82	17855.1	20924	14644
1240.39	17688.65	20530.8	14485.5
1238.95	17397.65	20140.5	14402.1
1237.51	17134.05	20021.9	13984.7
1236.08	17105.9	19785	13876.9
1234.64	17030.9	19395.7	13738
1233.2	16405.7	19080.7	13320.9
1231.76	16492.6	18618.1	13258.7
1230.33	16155.15	18248.3	12906
1228.89	15851.45	17696.7	12286
1227.45	15516.05	17313.9	11784.4
1226.01	15092.65	16824.1	11762.5
1224.57	14663.15	16360.6	11247.3
1223.13	14454.95	16145.5	10833
1221.69	14108.95	15332.6	10425.8
1220.25	13649.15	15329.1	10466.7
1218.81	13682.55	14979.5	10281.9
1217.37	13774.95	14900.9	10005.2
1215.93	13873.05	14938.5	9940.4
1214.49	14245.85	15049	10069.9
1213.05	15021.55	15397.6	10341.6
1211.61	15802.15	15850.3	10854.3
1210.17	16549.55	16314.3	10884.7
1208.72	17403.7	16868.3	11334.9
1207.28	17652.4	17084	11393
1205.84	17824.2	16772.8	11523.9
1204.4	17375.1	16423.6	10665.3
1202.95	16563.45	15527.1	10268.1
1201.51	15619.85	14845.6	9404.8
1200.07	14499.95	14195.6	8865.7
1198.62	13606.2	13373.3	8166
1197.18	12785.4	12906.1	7189.4
1195.73	12152.45	12608.7	7097.8
1194.29	11845.65	12391.7	6826.1
1192.85	11135.15	12116.4	6840
1191.4	10981.5	11841.3	6674.2
1189.95	10549.45	11634.3	6095
1188.51	10421.85	11534.5	6268.2
1187.06	10096.1	11432	5857.1
1185.62	9867.3	11358.3	5451.1
1184.17	10022.85	11307.6	5622.8
1182.72	9941	11355.5	5998.3
1181.28	9817.1	11351.6	6047
1179.83	10025.55	11273.9	5898.9
1178.38	10049.1	11174.3	6303.6
1176.94	10204.5	11437.5	6357.4
1175.49	10567.55	11278.7	6568.5
1174.04	10719.4	11250.6	6746.7
1172.59	10565.05	11212.7	6472.7
1171.14	10490.7	10929.2	6435.1
1169.69	9889.05	10586.5	6218.2
1168.24	9393.9	10248	5546
1166.79	8807.05	9830.9	5745
1165.34	8302.5	9412.8	5078.2
1163.89	8248.25	9343.6	4913.5
1162.44	8057.2	9380.2	4833.2
1160.99	7822.05	9398.4	4880.6
1159.54	8047.6	9466.6	5058.9
1158.09	8012.85	9508.4	4983.9
1156.64	7935.7	9417.4	4988.1
1155.19	7827.05	9178.4	4935.6
1153.74	7607	9019.9	4936.4
1152.29	7399.65	8548.6	4765.1
1150.83	7123.65	8155	4339.3
1149.38	6799.5	7906.1	4116.5
1147.93	6555.15	7625.1	3959.2
1146.47	6230.65	7216.9	4020.7
1145.02	5977.3	7139.7	3748.3
1143.57	6122.55	7019	3763.1
1142.11	5957.65	6815.8	3613.1
1140.66	5980.2	6743.9	3684.8
1139.2	5974.1	6768.2	3859.7
1137.75	6304.85	7062.4	4060.2
1136.29	6546.65	7370.2	4346.8
1134.84	7098.8	7825.6	4306.6
1133.38	7335.2	8418.3	4828.3
1131.93	8077.05	9181.9	5152.2
1130.47	8736.75	9977.9	5871
1129.02	9201.7	10887.4	6220.3
1127.56	9841.6	11627.3	6351.7
1126.1	10183.2	11924.7	6323.5
1124.65	10160.85	11798.2	6356.9
1123.19	9804.65	11607.8	6284.1
1121.73	9553.25	11201.3	6300.5
1120.27	8961.25	10661.7	5999.7
1118.81	8728.35	10165.8	5961.3
1117.36	8701.7	9695.8	5646.8
1115.9	8379.8	9469.3	5750.7
1114.44	8567.6	9429.7	5513.7
1112.98	8307.5	9187.9	5672.5
1111.52	8606.5	9134.6	5692.5
1110.06	8696.5	9128.8	5659.4
1108.6	8780.8	9205.7	6167.4
1107.14	8796.5	9205	6285
1105.68	9128.9	9252.1	5928.3
1104.22	9272.9	9450.5	6692.8
1102.76	9350.7	9764	6726.3
1101.3	9523.7	9805.9	6951.5
1099.83	9671.05	9965.9	6643.1
1098.37	9785.85	10135.4	6857.9
1096.91	9760.35	10184.7	6749.5
1095.45	9653.35	10021.4	6671.9
1093.99	9729.25	10115.6	6843.9
1092.52	9520.4	10001.3	7007.6
1091.06	9684.1	9917.3	6871.9
1089.6	9428	9968.3	6803
1088.13	9519.35	10049.4	6686.4
1086.67	9652.85	9937.5	6646.6
1085.2	9854.5	10043.6	6711.1
1083.74	10008.9	10071.1	6754.9
1082.28	9991.9	10156.7	6506.8
1080.81	10127.45	10225.8	7120.9
1079.34	10057.7	10116.8	6854.3
1077.88	10117.5	10125.5	6664.4
1076.41	9974.45	10046.7	6853.4
1074.95	10128.05	9780.9	6636.3
1073.48	10021.3	9638.6	6808.2
1072.01	9863.55	9597.4	6354.5
1070.55	9819.35	9675.5	6560.3
1069.08	9912.2	9561.7	6546.4
1067.61	9814.75	9612.5	6362.2
1066.15	9862.65	9619.7	6310.7
1064.68	9942.9	9592.7	6732.9
1063.21	9916.95	9691.2	6754.8
1061.74	9913.8	9844.7	6546.9
1060.27	10059.85	10003.9	6555.2
1058.8	10137.7	10121	6536.3
1057.33	10154.35	10226.7	6645
1055.86	10172.7	10466.2	6570
1054.39	10214.75	10523	7042.7
1052.92	10228	10818.5	6981.2
1051.45	10323.95	11061.1	7015
1049.98	10453.3	11209.1	7140.6
1048.51	10345.25	11411.9	7164.2
1047.04	10405.4	11532	7147
1045.57	10489.35	11489.5	7257.2
1044.1	10541	11795.8	7321.6
1042.63	10616.95	11938.9	7323.1
1041.15	10797.15	11772.9	7445.3
1039.68	11007.2	12120.3	7300.8
1038.21	11268.65	12338.6	7326.1
1036.74	11631.3	12661.4	7497.3
1035.26	12306.6	13380.6	7685.7
1033.79	12825.65	13996.1	8018
1032.32	13544	14497.7	8004.1
1030.84	13746.6	14532.7	7912.5
1029.37	13556.75	13949.4	7995.3
1027.89	12554.45	12725.9	7318.8
1026.42	11760.4	11621	6915.3
1024.94	11066.6	10676.4	6254.5
1023.47	10454.35	10129.2	6259.7
1021.99	10212.85	9909.7	6414.1
1020.52	10090.6	9712.9	6417.6
1019.04	10246.1	9856	6699
1017.56	10341.7	10001.8	6797.5
1016.09	10523.65	10530.8	7043
1014.61	10912.55	11186.5	7657.7
1013.13	11647.15	11745.5	8182.4
1011.65	12471.75	12696.9	8937
1010.18	13238.4	13631.5	9425.6
1008.7	14087.2	15180.4	10303.3
1007.22	15707.4	18047.2	11503.6
1005.74	18997.5	22723.2	13721.4
1004.26	24153.7	28346.9	15987.3
1002.78	27833.8	31810.9	17404
1001.3	27046.8	30797.7	17473.4
999.825	22731.675	25899	14871.5
998.345	18048.775	20857.3	13144
996.865	14976.075	17102.7	11212.8
995.384	13281.18	15319.5	10526.82
993.903	12713.085	14387.9	9999.74
992.422	12682.49	13867.4	9753.16
990.941	12516.395	13589.6	9845.88
989.459	12482.505	13458.1	9408.72
987.978	12371.61	13119.6	9520.04
986.496	12337.22	12825.2	9025.78
985.013	12147.735	12460	8938.14
983.53	12104.35	12258.6	8471.2
982.048	12084.66	12078	8427.54
980.564	11955.98	11784.5	8225.52
979.081	11836.895	11605.2	7568.58
977.597	11811.615	11343.3	7636.46
976.113	11952.035	10986.1	7431.34
974.629	11697.155	11002.4	7433.52
973.144	11700.58	10838.5	7107.32
971.66	11892.5	10837.4	6941.1
970.175	11811.725	10602.3	7044.4
968.689	11610.955	10637.2	6644.42
967.204	11703.08	10711.8	6756.22
965.718	11855.11	10899.2	6822.54
964.232	11995.34	11129.7	6648.26
962.745	12077.175	11235.6	6847.5
961.258	12062.01	11612.8	6747.24
959.771	12068.245	11717.5	7059.08
958.284	11983.68	12019.9	6713.52
956.797	12151.715	12032.1	7035.26
955.309	12228.455	12110.9	7168.72
953.821	11979.795	11955.5	6888.88
952.333	12132.135	11871.9	6874.54
950.844	12021.38	11711.6	6438.72
949.355	11948.625	11515.6	6432.9
947.866	11903.87	11570.9	6371.78
946.377	11935.815	11269.2	6560.66
944.887	12129.465	11266.9	6467.66
943.397	12085.915	11380.4	6611.26
941.907	12259.265	11411.6	6464.56
940.416	12369.42	11629	6774.18
938.925	12382.875	11863.1	6602.4
937.434	12393.43	12116.7	6824.72
935.943	12579.585	12179.6	6788.74
934.451	12630.945	12559.8	6954.08
932.96	12519.1	12470.1	6690.2
931.467	12372.765	12278.8	6702.96
929.975	12028.825	12185.3	6412.6
928.482	11850.89	12094.7	6462.26
926.989	11807.955	11902.4	5848.82
925.496	11517.92	11903.4	6092.88
924.003	11422.685	11953.4	6309.94
922.509	11392.155	11991.1	6021.62
921.015	11542.425	11981.4	6043
919.521	11533.095	11792.7	5820.08
918.026	11214.97	11502.1	5806.38
916.531	11161.645	11183.1	5622.08
915.036	10944.02	10744.9	5462.98
913.541	10656.795	10204.4	5332.28
912.045	10381.875	9713.1	5133.2
910.549	10194.555	9406.9	4696.82
909.053	10014.535	9179.3	4907.34
907.556	9951.02	8827.1	4843.78
906.06	9727.7	8729.5	5092.6
904.563	9706.585	8547.9	5184.34
903.065	9831.175	8410.3	5214.4
901.568	9720.96	8473.6	5204.24
900.07	9792.25	8638.1	5120.8
898.572	9791.64	8600.7	5412.76
897.073	9732.135	8913.1	5477.84
895.575	9684.325	9002.4	5336
894.076	9594.82	9078.9	5242.58
892.577	9569.815	9362.1	5564.36
891.077	9389.815	9655.8	5537.66
889.577	9456.615	9797.7	5424.36
888.077	9403.915	10101.7	5501.06
886.577	9460.115	10207.4	5591.06
885.076	9517.32	10307.4	5799.38
883.576	9750.02	10601.2	5744.38
882.074	9826.13	10524.7	5679.42
880.573	9951.035	10692.9	5787.74
879.071	10146.945	10660.1	6052.48
877.569	10181.355	10464.3	5826.12
876.067	10160.165	10244.1	5761.36
874.565	9989.375	10236.4	5260.6
873.062	9553.99	9738.6	5146.06
871.559	9289.705	9360.1	4911.72
870.055	8937.225	8922.4	4662.6
868.552	8615.44	8607.4	4430.26
867.048	8575.26	8503.6	4291.04
865.544	8586.08	8566	4439.42
864.039	8870.005	8486.1	4657.52
862.535	9157.625	8522.5	4787.5
861.03	9501.65	8634.7	5587
859.524	10079.18	8767.4	6055.62
858.019	10890.105	9031.2	6608.82
856.513	11593.335	9142.2	7231.54
855.007	12379.965	9297.4	7721.26
853.501	13198.295	9492.9	8004.98
851.994	13773.03	9467.7	8434.72
850.487	13670.065	9283.8	8313.46
848.98	13430.6	9042.4	7603.4
847.472	12678.74	8669	7119.16
845.965	11514.275	8201.7	6482.6
844.457	10552.515	8003.3	5846.26
842.948	9920.46	7667.8	5652.84
841.44	9460.4	7445.2	5116.3
839.931	9377.745	7301.6	4793.78
838.422	9132.69	7501	5074.36
836.912	9091.04	7515.9	5190.96
835.403	9367.785	7715.8	5423.44
833.893	9670.935	7936.5	5516.74
832.383	9864.785	8157.7	5798.64
830.872	10182.74	8290.5	6070.66
829.361	10480.595	8421.7	6296.18
827.85	10631.15	8444.7	5942.6
826.339	10483.405	8055.2	6102.02
824.827	9974.565	7680.8	5250.86
823.315	9480.225	7091.6	4720.7
821.803	8922.185	6485.5	4185.94
820.291	8047.545	5870.8	3856.28
818.778	7233.21	5343.9	3133.44
817.265	6672.675	4883.8	2709.9
815.752	6209.64	4418.4	2617.06
814.238	5711.71	4093.6	2302.84
812.724	5293.68	3958.8	1775.72
811.21	4952.85	3589	1810.2
809.696	4845.52	3368.5	1753.98
808.181	4599.595	3208.1	1390.68
806.666	4328.97	2868.4	1426.98
805.151	3993.045	2729	1002.88
803.636	3923.32	2540.2	791.78
802.12	3644.2	2423.97	943.6
800.604	3367.98	2332	618.82
799.087	3168.165	2209.84	645.36
797.571	3075.045	2122.89	587.78
796.054	2916.63	2082.67	678.72
794.537	2831.315	2046.31	514.06
793.019	2720.705	1980.31	520.92
791.502	2695.89	2015.35	613.46
789.984	2634.28	1916.44	679.52
788.465	2745.575	1997.04	503.6
786.947	2648.865	2089.14	344.26
785.428	2748.56	2046.78	540.44
783.909	2714.955	2136.09	654.32
782.389	2792.255	2036.14	697.52
780.87	2761.35	2171.48	633.7
779.35	2895.05	2141.2	658.7
777.829	2959.055	2232.06	706.72
776.309	2961.055	2437.44	960.32
774.788	3131.36	2373.7	936.04
773.267	3107.565	2507.2	1023.56
771.746	3444.87	2588.6	1051.78
770.224	3541.58	2854	1127.82
768.702	3711.09	2983	1450.16
767.18	3913.3	3104.8	1458.7
765.658	4228.91	3439.5	1697.14
764.135	4552.525	3488.9	1733.6
762.612	4860.14	3695.9	2037.56
761.088	5425.26	3883.7	2330.04
759.565	5869.375	4083.4	2532.1
758.041	6344.495	4194.5	2540.58
756.517	6495.815	4127.8	2832.76
754.992	6139.14	4074.8	2363.96
753.468	5714.36	3914.2	2277.34
751.943	5121.385	3718.1	2172.74
750.417	4784.915	3491.5	1824.06
748.892	4544.14	3631	1858.86
747.366	4457.47	3445.9	1762.68
745.84	4392.7	3395.3	1576.5
744.314	4290.83	3372.6	1423.02
742.787	4208.565	3281.6	1556.26
741.26	4122.1	3269.3	1484.8
739.733	3826.035	3250.4	1662.24
738.205	3846.575	3199.8	1559.7
736.677	3782.515	3091	1400.06
735.149	3685.255	3074.8	1192.92
733.621	3463.095	3056.5	1049.68
732.092	3522.44	2985.9	999.76
730.563	3315.085	2931.6	989.14
729.034	3338.43	2944.4	846.12
727.505	3274.575	2995.9	971.2
725.975	3222.725	2894.3	1039
724.445	3388.275	2946.8	961.5
722.915	3334.725	2916.6	687.9
721.384	3401.68	2889.6	904.42
719.853	3222.435	2793.5	900.44
718.322	3242.49	2685	1112.06
716.79	3173.85	2546	832.2
715.259	3135.205	2392.88	916.42
713.727	3027.465	2302.4	829.26
712.194	2952.43	2004.2	913.52
710.662	2910.49	1881.19	790.56
709.129	2889.855	1866.96	653.02
707.596	2687.72	1844.58	657.38
706.062	2726.29	1694.5	749.76
704.529	2602.555	1757.46	767.22
702.995	2560.725	1718.81	675.4
701.46	2671.1	1694.3	829.8
699.926	2553.37	1689.35	641.88
698.391	2597.945	1733.81	634.98
696.856	2518.32	1658.82	548.28
695.32	2505.9	1580.06	463.2
693.785	2350.275	1463.89	510.1
692.249	2361.255	1474.17	459.32
690.712	2351.14	1309.24	455.76
689.176	2194.02	1155.22	588.78
687.639	2039.105	1100.49	525.12
686.102	2089.79	1109.74	445.06
684.565	2049.375	1007.88	370
683.027	2064.765	920.68	278.76
681.489	1875.855	805.88	319.22
679.951	1871.245	772.39	457.18
678.412	1891.54	763.28	323.76
676.873	1859.935	757.96	533.24
675.334	1894.83	754.81	533.02
673.795	1789.025	666.67	451.7
672.255	1762.225	616.46	471.1
670.715	1768.025	701	532.7
669.175	1832.625	692.45	522.8
667.634	1788.63	652.53	469.22
666.094	1803.53	682.39	485.32
664.553	1762.235	713.33	387.94
663.011	1643.645	667.48	193.28
661.469	1752.655	712.46	593.92
659.928	1817.26	601.77	438.24
658.385	1788.375	738.06	511.2
656.843	1895.185	740.86	668.44
655.3	1982.5	765.81	670.1
653.757	1905.515	716.76	563.16
652.214	2021.43	774.09	657.22
650.67	1975.35	726.14	762.6
649.126	1940.57	755.92	777.18
647.582	2203.19	881.21	1105.96
646.037	2737.015	1114.9	1882.96
644.492	3528.64	1521.13	2593.26
642.947	4245.465	1825.81	2932.86
641.402	4762.99	1692.51	3060.36
639.856	4343.92	1403.45	2615.38
638.31	3505.05	954.93	1847.1
636.764	2642.88	580.96	1085.52
635.218	2145.71	288.49	762.34
633.671	1831.945	160.44	726.98
632.124	1516.68	-53.2	333.02
630.576	1344.32	82.21	452.88
629.029	1308.155	12.42	361.12
627.481	1364.595	123.01	398.68
625.932	1421.14	275	500.76
624.384	1696.58	725.07	680.32
622.835	2152.725	1374.05	1098.8
621.286	2664.67	1992.66	1232.98
619.737	3106.515	2042	1564.06
618.187	2885.165	1718.13	1320.76
616.637	2278.915	1079.3	1161.36
615.087	1748.665	595.53	760.16
613.536	1604.02	365.61	623.58
611.986	1337.37	187.91	590.18
610.434	1184.33	141.35	481.12
608.883	1274.585	154.44	596.04
607.331	1301.445	130.47	324.28
605.779	1133.905	150	714.72
604.227	1209.665	154.49	534.86
602.675	1178.025	135.89	488.8
601.122	1189.29	101.74	585.96
599.569	1265.055	67.07	631.72
598.015	1163.625	162.23	748.2
596.462	1158.89	204.25	521.96
594.908	1296.26	151.88	688.34
593.353	1137.535	123.65	483.14
591.799	1123.205	139.93	837.62
590.244	1269.08	42.04	716.12
588.689	1289.955	117.81	808.42
587.133	1296.435	50.5	855.84
585.578	1247.21	50.71	874.14
584.022	1204.99	138.74	714.26
582.465	1341.075	56.47	740.7
580.909	1397.355	54.54	709.42
579.352	1368.04	97.56	763.16
577.795	1368.025	200.51	951.8
576.237	1474.115	207.11	918.96
574.68	1636.7	219.59	786.5
573.122	1758.69	276.99	1058.56
571.563	1943.185	333.31	1120.44
570.005	1881.175	373.02	1057.1
568.446	1998.27	364.08	1062.78
566.887	2021.165	369.57	1276.86
565.327	1983.765	452.54	1107.76
563.768	1973.56	449.46	1222.44
562.207	1934.065	393.5	1164.06
560.647	1997.565	400.58	1221.06
559.087	1913.765	473.87	1334.16
557.526	1945.77	437.15	1224.58
555.964	1949.58	484.79	1329.62
554.403	1999.185	550.55	1357.84
552.841	2122.995	558.12	1429.18
551.279	1944.305	499.54	1532.62
549.717	2094.715	652.74	1475.96
548.154	1963.53	657.09	1604.92
546.591	2061.145	714.23	1761.08
545.028	2124.06	677.52	1645.34
543.464	2216.28	750.08	1702.32
541.901	2159.195	785.32	1645.78
540.336	2284.42	854.11	1782.68
538.772	2371.24	839.24	1809.26
537.207	2374.365	873.37	1944.56
535.642	2427.59	837.21	1902.46
534.077	2442.515	834.59	1778.96
532.512	2304.04	933.11	1893.46
530.946	2348.77	866.09	2114.88
529.38	2387.6	987.45	2074.4
527.813	2405.735	919.9	1912.74
526.246	2284.47	865.15	2212.28
524.679	2356.205	850.3	2140.02
523.112	2263.74	938.6	2469.76
521.545	2300.475	963.08	2284.2
519.977	2263.815	850.42	2227.96
518.409	2140.555	935.49	2294.52
516.84	2073.7	852.63	2243.1
515.271	2059.445	944.57	2280.88
513.702	2044.09	783.13	2180.16
512.133	2014.935	804.96	2060.34
510.563	1993.285	867.12	2240.04
508.993	2004.035	806.64	2346.34
507.423	1888.485	729.74	2283.94
505.853	1933.735	792.41	2379.14
504.282	1922.19	799.89	2332.66
502.711	1896.845	763.33	2340.38
501.139	1938.305	738.46	2193.72
499.568	1913.56	782.53	2459.14
497.996	1948.22	875.88	2328.48
496.423	2104.185	933.15	2490.54
494.851	2156.245	935.29	2490.28
493.278	2277.71	943.78	2509.14
491.705	2298.375	868.05	2669.5
490.131	2483.345	901.98	2430.88
488.558	2410.31	844.81	2432.34
486.984	2377.58	880.32	2464.02
485.409	2271.855	793.01	2289.22
483.835	2193.625	794.11	2278
482.26	2029.2	642.29	2028.8
480.685	2005.075	666.16	2116.1
479.109	1906.355	620.21	2085.92
477.533	1836.735	488.6	2341.44
475.957	1781.415	515.67	2081.26
474.381	1732.995	513.65	2070.28
472.804	1724.28	464.05	2119.52
471.227	1779.965	447.77	2200.46
469.65	1777.05	473.24	1981.8
468.072	1692.84	538.84	2159.46
466.495	1784.425	591.21	2219.8
464.916	1657.92	625.61	2292.88
463.338	1754.31	566.02	2197.94
461.759	1730.805	607.8	2169.62
460.18	1652	670.67	2233.2
458.601	1789.395	663.34	2407.48
457.021	1771.795	696.11	2363.38
455.441	1795.295	727.81	2225.98
453.861	1750.195	637.68	2284.78
452.281	1878.595	601.89	2495.38
450.7	1707	654.15	2532
449.119	1669.405	686.89	2434.22
447.537	1685.515	595.78	2289.16
445.956	1602.02	515.24	2445.88
444.374	1696.13	624.36	2420.92
442.792	1553.24	496.44	2482.96
441.209	1490.955	495.48	2328.52
439.626	1507.07	502.41	2455.18
438.043	1598.985	447.22	2657.74
436.46	1556.8	602.04	2410.2
434.876	1680.22	646.31	2448.58
433.292	1637.44	705.81	2699.96
431.707	1713.065	751.09	2877.06
430.123	1775.485	775.32	2675.54
428.538	1831.01	819.52	2650.74
426.953	1984.335	900.5	2695.34
425.367	1964.665	884.21	2651.76
423.781	1955.995	912.6	2868.18
422.195	1968.925	952.53	2698.5
420.609	1903.655	1000.86	2804.62
419.022	2057.29	1152.62	2863.46
417.435	2071.325	1143.66	2717.4
415.848	2112.56	1140.99	3144.84
414.26	2148.6	1219.16	3169
412.672	2171.94	1234.32	3059.36
411.084	2134.98	1275.72	3182.62
409.496	2057.72	1297.68	2926.68
407.907	2164.465	1254.6	3032.76
406.318	2096.11	1207.34	2995.64
404.728	1948.66	1197.32	2813.84
403.139	1929.105	1007.5	2814.52
401.549	1817.255	900.04	2742.82
399.958	1744.81	864.41	2789.24
398.368	1693.96	609.27	2672.04
